[gd_scene load_steps=50 format=2]

[ext_resource path="res://levels/main_level.gd" type="Script" id=1]
[ext_resource path="res://player/katamari_physics.tscn" type="PackedScene" id=2]
[ext_resource path="res://levels/Presentation.tscn" type="PackedScene" id=3]
[ext_resource path="res://player/cam_loc.tscn" type="PackedScene" id=4]
[ext_resource path="res://obj/Everything/Geology/GreenHillLarge.003.glb" type="PackedScene" id=5]
[ext_resource path="res://obj/Everything/Custom/SchoolBag.002.glb" type="PackedScene" id=6]
[ext_resource path="res://obj/Everything/Custom/Marker.glb" type="PackedScene" id=7]
[ext_resource path="res://obj/Everything/Custom/Pen.001.glb" type="PackedScene" id=8]
[ext_resource path="res://obj/Everything/Custom/Pencil.001.glb" type="PackedScene" id=9]
[ext_resource path="res://obj/Everything/Custom/Smartphone.001.glb" type="PackedScene" id=10]
[ext_resource path="res://obj/Everything/Geology/GreenHillHuge.001.glb" type="PackedScene" id=11]
[ext_resource path="res://obj/Everything/Custom/DeskChair.001.glb" type="PackedScene" id=12]
[ext_resource path="res://obj/Everything/Custom/Whiteboard.glb" type="PackedScene" id=13]
[ext_resource path="res://obj/Everything/Custom/TV Stand.glb" type="PackedScene" id=14]
[ext_resource path="res://obj/Everything/Custom/Clock.glb" type="PackedScene" id=15]
[ext_resource path="res://obj/Everything/Custom/Magnet.005.glb" type="PackedScene" id=16]
[ext_resource path="res://obj/Everything/Custom/SchoolBag.001.glb" type="PackedScene" id=17]
[ext_resource path="res://obj/Everything/Custom/TV.glb" type="PackedScene" id=18]
[ext_resource path="res://obj/Everything/Custom/Magnet.001.glb" type="PackedScene" id=19]
[ext_resource path="res://obj/Everything/Custom/SchoolBook.003.glb" type="PackedScene" id=20]
[ext_resource path="res://obj/Everything/Geology/GreenPlateauTiny.003.glb" type="PackedScene" id=21]
[ext_resource path="res://obj/Everything/Custom/Magnet.002.glb" type="PackedScene" id=22]
[ext_resource path="res://obj/Everything/Custom/Magnet.003.glb" type="PackedScene" id=23]
[ext_resource path="res://obj/Everything/Furnishing/CandyWrapper004.glb" type="PackedScene" id=24]
[ext_resource path="res://obj/Everything/Custom/SchoolBook.002.glb" type="PackedScene" id=25]
[ext_resource path="res://obj/Everything/Custom/Pen.002.glb" type="PackedScene" id=26]
[ext_resource path="res://obj/Everything/Custom/eraser.glb" type="PackedScene" id=27]
[ext_resource path="res://obj/Everything/Custom/SchoolBook.001.glb" type="PackedScene" id=28]
[ext_resource path="res://obj/Everything/Custom/Magnet.004.glb" type="PackedScene" id=29]
[ext_resource path="res://obj/Everything/Furnishing/CandyWrapper007.glb" type="PackedScene" id=30]
[ext_resource path="res://obj/Everything/Furnishing/CandyWrapper008.glb" type="PackedScene" id=31]
[ext_resource path="res://obj/Everything/Furnishing/CandyWrapper005.glb" type="PackedScene" id=32]
[ext_resource path="res://obj/Everything/Furnishing/CandyWrapper001.glb" type="PackedScene" id=33]
[ext_resource path="res://obj/Everything/Furnishing/CandyWrapper003.glb" type="PackedScene" id=34]
[ext_resource path="res://obj/Everything/Furnishing/CandyWrapper002.glb" type="PackedScene" id=35]
[ext_resource path="res://obj/Everything/Furnishing/CandyWrapper006.glb" type="PackedScene" id=36]
[ext_resource path="res://obj/Everything/Custom/Desk.glb" type="PackedScene" id=37]
[ext_resource path="res://obj/Everything/Custom/TeacherDesk.glb" type="PackedScene" id=38]
[ext_resource path="res://obj/Everything/Custom/Pencil.002.glb" type="PackedScene" id=39]
[ext_resource path="res://obj/Everything/Custom/DeskChair.003.glb" type="PackedScene" id=40]
[ext_resource path="res://obj/Everything/Custom/DeskChair.002.glb" type="PackedScene" id=41]
[ext_resource path="res://obj/Everything/Custom/Umbrella.002.glb" type="PackedScene" id=42]
[ext_resource path="res://obj/Everything/Custom/TrashBin.002.glb" type="PackedScene" id=43]
[ext_resource path="res://obj/Everything/Custom/Umbrella.001.glb" type="PackedScene" id=44]
[ext_resource path="res://obj/Everything/Custom/Smartphone.002.glb" type="PackedScene" id=45]
[ext_resource path="res://sound/music/another_day_another_clump.mp3" type="AudioStream" id=46]
[ext_resource path="res://obj/Everything/Custom/Wall.glb" type="PackedScene" id=47]
[ext_resource path="res://obj/Everything/Custom/WallWindow.glb" type="PackedScene" id=48]
[ext_resource path="res://obj/Everything/Custom/WallUpper.glb" type="PackedScene" id=49]

[node name="Level" type="Spatial"]
script = ExtResource( 1 )

[node name="bg_music" type="AudioStreamPlayer" parent="."]
stream = ExtResource( 46 )

[node name="cam_loc" parent="." instance=ExtResource( 4 )]
transform = Transform( -1.62921e-07, 0, -1, 0, 1, 0, 1, 0, -1.62921e-07, -15.1877, 7.97965, 16.736 )

[node name="katamari_physics" parent="." instance=ExtResource( 2 )]
transform = Transform( 1, 0, 0, 0, 1, 0, 0, 0, 1, -15, 8, 16.5 )

[node name="Presentation" parent="." instance=ExtResource( 3 )]

[node name="DYN_OBJ" type="Spatial" parent="."]

[node name="BeegWorld" type="Spatial" parent="DYN_OBJ"]
transform = Transform( 5, 0, 0, 0, 5, 0, 0, 0, 5, 0, 0, 0 )

[node name="GreenHillLarge004" parent="DYN_OBJ/BeegWorld" instance=ExtResource( 5 )]
transform = Transform( 2.99435, 0, 0.183982, 0, 3, 0, -0.183982, 0, 2.99435, -85.6619, -17.2223, -25.2552 )

[node name="GreenHillHuge001" parent="DYN_OBJ/BeegWorld" instance=ExtResource( 11 )]
transform = Transform( 3.84471, 0, 3.19659, 0, 5, 0, -3.19659, 0, 3.84471, -49.2591, -24.7293, -86.5909 )

[node name="GreenHillLarge003" parent="DYN_OBJ/BeegWorld" instance=ExtResource( 5 )]
transform = Transform( -0.349249, 0, -3.98472, 0, 4, 0, 3.98472, 0, -0.349249, 52.4185, -6.71338, -105.627 )

[node name="GreenPlateauTiny003" parent="DYN_OBJ/BeegWorld" instance=ExtResource( 21 )]
transform = Transform( 5, 0, 0, 0, 1, 0, 0, 0, 5, -1.96818, -6.21703, -19.5249 )

[node name="Desks" type="Spatial" parent="DYN_OBJ"]
transform = Transform( 1, 0, 8.74231e-08, 2.84217e-14, 1, -8.74228e-08, -8.74231e-08, 8.74228e-08, 1, -7.15256e-07, 2.86102e-06, 0 )

[node name="Marker" parent="DYN_OBJ/Desks" instance=ExtResource( 7 )]
transform = Transform( 0.202667, 0, 0.979248, 0, 1, 0, -0.979248, 0, 0.202667, -16.3161, 5.24305, 13.2475 )

[node name="Marker2" parent="DYN_OBJ/Desks" instance=ExtResource( 7 )]
transform = Transform( 0.44232, 0, 0.896858, 0, 1, 0, -0.896858, 0, 0.44232, -16.6093, 5.24305, 13.1114 )

[node name="Marker3" parent="DYN_OBJ/Desks" instance=ExtResource( 7 )]
transform = Transform( -0.652562, 0, -0.757736, 0, 1, -2.84217e-14, 0.757736, 0, -0.652562, -17.0298, 6.90378, 15.0476 )

[node name="Marker4" parent="DYN_OBJ/Desks" instance=ExtResource( 7 )]
transform = Transform( -0.784419, 0, -0.620231, 2.13163e-14, 1, 4.26326e-14, 0.620231, 0, -0.784419, -16.9055, 6.90378, 15.3647 )

[node name="Marker5" parent="DYN_OBJ/Desks" instance=ExtResource( 7 )]
transform = Transform( 1, 0, 0, -8.47033e-22, 1, 0, 0, 0, 1, -13.2224, 5.14895, -2.55093 )

[node name="Marker10" parent="DYN_OBJ/Desks" instance=ExtResource( 7 )]
transform = Transform( 0.707107, 6.18173e-08, 0.707107, -6.18173e-08, 1, -2.56056e-08, -0.707107, -2.56055e-08, 0.707107, -14.2, 5.14895, -2.18228 )

[node name="Marker11" parent="DYN_OBJ/Desks" instance=ExtResource( 7 )]
transform = Transform( -3.17861e-08, 8.74228e-08, 1, -8.74228e-08, 1, -8.74229e-08, -1, -8.74228e-08, -3.17861e-08, -14.6247, 5.14895, -1.28035 )

[node name="Marker12" parent="DYN_OBJ/Desks" instance=ExtResource( 7 )]
transform = Transform( -0.707107, 6.18173e-08, 0.707107, -6.18172e-08, 1, -1.4924e-07, -0.707107, -1.4924e-07, -0.707107, -14.2504, 5.14895, -0.26142 )

[node name="Marker6" parent="DYN_OBJ/Desks" instance=ExtResource( 7 )]
transform = Transform( -1, 6.40376e-15, -7.64897e-08, 6.35303e-14, 1, -1.74846e-07, 7.64897e-08, -1.74846e-07, -1, -13.3148, 5.14895, 0.135256 )

[node name="Marker7" parent="DYN_OBJ/Desks" instance=ExtResource( 7 )]
transform = Transform( -0.707107, -6.18172e-08, -0.707107, 6.18173e-08, 1, -1.4924e-07, 0.707107, -1.4924e-07, -0.707107, -12.3893, 5.14895, -0.229722 )

[node name="Marker8" parent="DYN_OBJ/Desks" instance=ExtResource( 7 )]
transform = Transform( 6.15885e-08, -8.74228e-08, -1, 8.74228e-08, 1, -8.74227e-08, 1, -8.74228e-08, 6.15885e-08, -11.9413, 5.14895, -1.1576 )

[node name="Marker9" parent="DYN_OBJ/Desks" instance=ExtResource( 7 )]
transform = Transform( 0.707107, -6.18172e-08, -0.707107, 6.18172e-08, 1, -2.56055e-08, 0.707107, -2.56056e-08, 0.707107, -12.2967, 5.14895, -2.15314 )

[node name="Magnet001" parent="DYN_OBJ/Desks" instance=ExtResource( 19 )]
transform = Transform( 0.470812, 0, -0.882234, 0, 1, 0, 0.882234, 0, 0.470812, -16.4999, 6.88344, 18.9731 )

[node name="Magnet002" parent="DYN_OBJ/Desks" instance=ExtResource( 19 )]
transform = Transform( 0.470812, 0, -0.882234, 0, 1, 0, 0.882234, 0, 0.470812, -17.236, 6.88344, 17.8237 )

[node name="Magnet003" parent="DYN_OBJ/Desks" instance=ExtResource( 22 )]
transform = Transform( 0.470812, 0, -0.882234, 0, 1, 0, 0.882234, 0, 0.470812, -16.8662, 6.88344, 18.7282 )

[node name="Magnet004" parent="DYN_OBJ/Desks" instance=ExtResource( 23 )]
transform = Transform( 0.470812, 0, -0.882234, 0, 1, 0, 0.882234, 0, 0.470812, -16.6502, 6.88344, 18.0869 )

[node name="Magnet005" parent="DYN_OBJ/Desks" instance=ExtResource( 29 )]
transform = Transform( 0.470812, 0, -0.882234, 0, 1, 0, 0.882234, 0, 0.470812, -15.9943, 6.88344, 18.8981 )

[node name="Magnet006" parent="DYN_OBJ/Desks" instance=ExtResource( 16 )]
transform = Transform( 0.470812, 0, -0.882234, 0, 1, 0, 0.882234, 0, 0.470812, -16.3692, 6.88344, 18.567 )

[node name="Magnet007" parent="DYN_OBJ/Desks" instance=ExtResource( 19 )]
transform = Transform( 0.470812, 0, -0.882234, 1.42109e-14, 1, 0, 0.882234, 0, 0.470812, -16.7187, 6.88344, 17.6109 )

[node name="Magnet008" parent="DYN_OBJ/Desks" instance=ExtResource( 16 )]
transform = Transform( 0.470812, 0, -0.882234, 0, 1, 0, 0.882234, 0, 0.470812, -17.196, 6.88344, 18.3438 )

[node name="Magnet009" parent="DYN_OBJ/Desks" instance=ExtResource( 19 )]
transform = Transform( -0.571788, 0, 0.820402, 0, 1, 0, -0.820402, 0, -0.571788, -16.5876, 6.88344, 16.5903 )

[node name="Magnet010" parent="DYN_OBJ/Desks" instance=ExtResource( 19 )]
transform = Transform( -0.571788, 0, 0.820402, 0, 1, 0, -0.820402, 0, -0.571788, -15.7207, 6.88344, 17.6445 )

[node name="Magnet011" parent="DYN_OBJ/Desks" instance=ExtResource( 22 )]
transform = Transform( -0.571788, 0, 0.820402, 0, 1, 0, -0.820402, 0, -0.571788, -16.1948, 6.88344, 16.7901 )

[node name="Magnet012" parent="DYN_OBJ/Desks" instance=ExtResource( 23 )]
transform = Transform( -0.571788, 0, 0.820402, 0, 1, 0, -0.820402, 0, -0.571788, -16.3335, 6.88344, 17.4524 )

[node name="Magnet013" parent="DYN_OBJ/Desks" instance=ExtResource( 29 )]
transform = Transform( -0.571788, 0, 0.820402, 0, 1, 0, -0.820402, 0, -0.571788, -17.0807, 6.88344, 16.7245 )

[node name="Magnet014" parent="DYN_OBJ/Desks" instance=ExtResource( 16 )]
transform = Transform( -0.571788, 0, 0.820402, 0, 1, 0, -0.820402, 0, -0.571788, -16.6693, 6.88344, 17.009 )

[node name="Magnet017" parent="DYN_OBJ/Desks" instance=ExtResource( 16 )]
transform = Transform( -0.571788, 0, 0.820402, 0, 1, 0, -0.820402, 0, -0.571788, -15.7301, 6.88344, 18.3044 )

[node name="Magnet015" parent="DYN_OBJ/Desks" instance=ExtResource( 19 )]
transform = Transform( -0.571788, 0, 0.820402, 0, 1, 0, -0.820402, 0, -0.571788, -16.2093, 6.88344, 17.917 )

[node name="Magnet016" parent="DYN_OBJ/Desks" instance=ExtResource( 16 )]
transform = Transform( -0.571788, 0, 0.820402, 0, 1, 0, -0.820402, 0, -0.571788, -15.8219, 6.88344, 17.1328 )

[node name="Pen001" parent="DYN_OBJ/Desks" instance=ExtResource( 8 )]
transform = Transform( -4.37114e-08, 0, 1, 0, 1, 0, -1, 0, -4.37114e-08, -13.6445, 6.88797, 15.224 )

[node name="Pen003" parent="DYN_OBJ/Desks" instance=ExtResource( 8 )]
transform = Transform( -4.37114e-08, 0, 1, 0, 1, 0, -1, 0, -4.37114e-08, -13.457, 6.88797, 15.224 )

[node name="Pen004" parent="DYN_OBJ/Desks" instance=ExtResource( 8 )]
transform = Transform( -4.37114e-08, 0, 1, 0, 1, 0, -1, 0, -4.37114e-08, -13.274, 6.88797, 15.224 )

[node name="Pen002" parent="DYN_OBJ/Desks" instance=ExtResource( 26 )]
transform = Transform( -4.37114e-08, 0, 1, 0, 1, 0, -1, 0, -4.37114e-08, -13.8643, 6.88797, 15.2262 )

[node name="eraser" parent="DYN_OBJ/Desks" instance=ExtResource( 27 )]
transform = Transform( -1, 0, -8.74228e-08, 0, 1, 0, 8.74228e-08, 0, -1, -13.9231, 5.12841, 10.1596 )

[node name="eraser2" parent="DYN_OBJ/Desks" instance=ExtResource( 27 )]
transform = Transform( -1, 0, -8.74228e-08, 0, 1, 0, 8.74228e-08, 0, -1, -13.9231, 5.12841, 10.5288 )

[node name="eraser3" parent="DYN_OBJ/Desks" instance=ExtResource( 27 )]
transform = Transform( -1, 0, -8.74228e-08, 0, 1, 0, 8.74228e-08, 0, -1, -13.9231, 5.12841, 10.9004 )

[node name="eraser4" parent="DYN_OBJ/Desks" instance=ExtResource( 27 )]
transform = Transform( -1, 0, -8.74228e-08, 0, 1, 0, 8.74228e-08, 0, -1, -15.9831, 6.88933, 14.5644 )

[node name="eraser5" parent="DYN_OBJ/Desks" instance=ExtResource( 27 )]
transform = Transform( -1, 0, -8.74228e-08, 0, 1, 0, 8.74228e-08, 0, -1, -15.9831, 6.88933, 14.9988 )

[node name="eraser6" parent="DYN_OBJ/Desks" instance=ExtResource( 27 )]
transform = Transform( -1, 0, -8.74228e-08, 0, 1, 0, 8.74228e-08, 0, -1, -15.9831, 6.88933, 15.3888 )

[node name="eraser14" parent="DYN_OBJ/Desks" instance=ExtResource( 27 )]
transform = Transform( -1, 0, -8.74228e-08, 1.69407e-21, 1, 0, 8.74228e-08, 0, -1, -15.9831, 5.15941, 21.6985 )

[node name="eraser15" parent="DYN_OBJ/Desks" instance=ExtResource( 27 )]
transform = Transform( -1, 0, -8.74228e-08, 1.69407e-21, 1, 0, 8.74228e-08, 0, -1, -15.9866, 5.15509, 21.4315 )

[node name="eraser16" parent="DYN_OBJ/Desks" instance=ExtResource( 27 )]
transform = Transform( -1, 0, -8.74228e-08, 1.69407e-21, 1, 0, 8.74228e-08, 0, -1, -15.9866, 5.15509, 21.1655 )

[node name="eraser17" parent="DYN_OBJ/Desks" instance=ExtResource( 27 )]
transform = Transform( -1, 0, -8.74228e-08, 1.69407e-21, 1, 0, 8.74228e-08, 0, -1, -15.9831, 5.15941, 20.8706 )

[node name="eraser18" parent="DYN_OBJ/Desks" instance=ExtResource( 27 )]
transform = Transform( -1, 0, -8.74228e-08, 1.69407e-21, 1, 0, 8.74228e-08, 0, -1, -15.9866, 5.25267, 21.5643 )

[node name="eraser19" parent="DYN_OBJ/Desks" instance=ExtResource( 27 )]
transform = Transform( -1, 0, -8.74228e-08, 1.69407e-21, 1, 0, 8.74228e-08, 0, -1, -15.9866, 5.2556, 21.2984 )

[node name="eraser20" parent="DYN_OBJ/Desks" instance=ExtResource( 27 )]
transform = Transform( -1, 0, -8.74228e-08, 1.69407e-21, 1, 0, 8.74228e-08, 0, -1, -15.9831, 5.25699, 21.0034 )

[node name="eraser21" parent="DYN_OBJ/Desks" instance=ExtResource( 27 )]
transform = Transform( -1, 0, -8.74228e-08, 1.69407e-21, 1, 0, 8.74228e-08, 0, -1, -15.9866, 5.35091, 21.4364 )

[node name="eraser22" parent="DYN_OBJ/Desks" instance=ExtResource( 27 )]
transform = Transform( -1, 0, -8.74228e-08, 1.69407e-21, 1, 0, 8.74228e-08, 0, -1, -15.9831, 5.35523, 21.1414 )

[node name="eraser23" parent="DYN_OBJ/Desks" instance=ExtResource( 27 )]
transform = Transform( -1, 0, -8.74228e-08, 1.69407e-21, 1, 0, 8.74228e-08, 0, -1, -15.9831, 5.45506, 21.287 )

[node name="eraser24" parent="DYN_OBJ/Desks" instance=ExtResource( 27 )]
transform = Transform( -0.713593, 6.1245e-08, -0.700561, 6.1245e-08, 1, 2.50385e-08, 0.700561, -2.50385e-08, -0.713593, -15.6936, 5.15941, 23.6218 )

[node name="eraser25" parent="DYN_OBJ/Desks" instance=ExtResource( 27 )]
transform = Transform( -0.713593, 6.1245e-08, -0.700561, 6.1245e-08, 1, 2.50385e-08, 0.700561, -2.50385e-08, -0.713593, -15.8832, 5.15509, 23.4337 )

[node name="eraser26" parent="DYN_OBJ/Desks" instance=ExtResource( 27 )]
transform = Transform( -0.713593, 6.1245e-08, -0.700561, 6.1245e-08, 1, 2.50385e-08, 0.700561, -2.50385e-08, -0.713593, -16.0695, 5.15509, 23.2439 )

[node name="eraser27" parent="DYN_OBJ/Desks" instance=ExtResource( 27 )]
transform = Transform( -0.713593, 6.1245e-08, -0.700561, 6.1245e-08, 1, 2.50385e-08, 0.700561, -2.50385e-08, -0.713593, -16.2736, 5.15941, 23.031 )

[node name="eraser28" parent="DYN_OBJ/Desks" instance=ExtResource( 27 )]
transform = Transform( -0.713593, 6.1245e-08, -0.700561, 6.1245e-08, 1, 2.50385e-08, 0.700561, -2.50385e-08, -0.713593, -15.7901, 5.25267, 23.5285 )

[node name="eraser29" parent="DYN_OBJ/Desks" instance=ExtResource( 27 )]
transform = Transform( -0.713593, 6.1245e-08, -0.700561, 6.1245e-08, 1, 2.50385e-08, 0.700561, -2.50385e-08, -0.713593, -15.9764, 5.2556, 23.3387 )

[node name="eraser30" parent="DYN_OBJ/Desks" instance=ExtResource( 27 )]
transform = Transform( -0.713593, 6.1245e-08, -0.700561, 6.1245e-08, 1, 2.50385e-08, 0.700561, -2.50385e-08, -0.713593, -16.1806, 5.25699, 23.1257 )

[node name="eraser31" parent="DYN_OBJ/Desks" instance=ExtResource( 27 )]
transform = Transform( -0.713593, 6.1245e-08, -0.700561, 6.1245e-08, 1, 2.50385e-08, 0.700561, -2.50385e-08, -0.713593, -15.8797, 5.35091, 23.4372 )

[node name="eraser32" parent="DYN_OBJ/Desks" instance=ExtResource( 27 )]
transform = Transform( -0.713593, 6.1245e-08, -0.700561, 6.1245e-08, 1, 2.50385e-08, 0.700561, -2.50385e-08, -0.713593, -16.0839, 5.35523, 23.2242 )

[node name="eraser33" parent="DYN_OBJ/Desks" instance=ExtResource( 27 )]
transform = Transform( -0.713593, 6.1245e-08, -0.700561, 6.1245e-08, 1, 2.50385e-08, 0.700561, -2.50385e-08, -0.713593, -15.9819, 5.45506, 23.3281 )

[node name="eraser7" parent="DYN_OBJ/Desks" instance=ExtResource( 27 )]
transform = Transform( -1, 0, -8.74228e-08, 0, 1, 0, 8.74228e-08, 0, -1, -13.0573, 5.12841, 10.1596 )

[node name="eraser8" parent="DYN_OBJ/Desks" instance=ExtResource( 27 )]
transform = Transform( -1, 0, -8.74228e-08, 0, 1, 0, 8.74228e-08, 0, -1, -13.0573, 5.12841, 10.5288 )

[node name="eraser9" parent="DYN_OBJ/Desks" instance=ExtResource( 27 )]
transform = Transform( -1, 0, -8.74228e-08, 0, 1, 0, 8.74228e-08, 0, -1, -13.0573, 5.12841, 10.9004 )

[node name="eraser10" parent="DYN_OBJ/Desks" instance=ExtResource( 27 )]
transform = Transform( -1, 0, -8.74228e-08, 0, 1, 0, 8.74228e-08, 0, -1, -15.1173, 6.88933, 14.5644 )

[node name="eraser11" parent="DYN_OBJ/Desks" instance=ExtResource( 27 )]
transform = Transform( -1, 0, -8.74228e-08, 0, 1, 0, 8.74228e-08, 0, -1, -15.1173, 6.88933, 14.9988 )

[node name="eraser12" parent="DYN_OBJ/Desks" instance=ExtResource( 27 )]
transform = Transform( -1, 0, -8.74228e-08, 0, 1, 0, 8.74228e-08, 0, -1, -15.1173, 6.88933, 15.3888 )

[node name="Desk" parent="DYN_OBJ/Desks" instance=ExtResource( 37 )]
transform = Transform( -4.37114e-08, 0, 1, 0, 1, 0, -1, 0, -4.37114e-08, -1.65546, 0.341359, 34.4605 )

[node name="Desk3" parent="DYN_OBJ/Desks" instance=ExtResource( 37 )]
transform = Transform( -4.37114e-08, 0, 1, 0, 1, 0, -1, 0, -4.37114e-08, -10.6555, 0.341359, 34.4605 )

[node name="Desk2" parent="DYN_OBJ/Desks" instance=ExtResource( 37 )]
transform = Transform( -4.37114e-08, 0, 1, 0, 1, 0, -1, 0, -4.37114e-08, 7.34454, 0.341359, 34.4605 )

[node name="Desk4" parent="DYN_OBJ/Desks" instance=ExtResource( 37 )]
transform = Transform( -4.37114e-08, 0, 1, 0, 1, 0, -1, 0, -4.37114e-08, 1.34454, 0.341359, 21.9697 )

[node name="SchoolBook007" parent="DYN_OBJ/Desks" instance=ExtResource( 20 )]
transform = Transform( -0.816903, 0.576775, -2.52116e-08, 3.55271e-15, -4.37114e-08, -1, -0.576775, -0.816903, 3.5708e-08, -8.61761, 6.31369, 23.7718 )

[node name="SchoolBook008" parent="DYN_OBJ/Desks" instance=ExtResource( 20 )]
transform = Transform( 0.600769, 0.799423, -3.49439e-08, 7.10543e-15, -4.37114e-08, -1, -0.799423, 0.600769, -2.62605e-08, -8.70069, 6.31369, 20.6389 )

[node name="SchoolBook009" parent="DYN_OBJ/Desks" instance=ExtResource( 25 )]
transform = Transform( -4.37114e-08, 1, -4.37114e-08, 0, -4.37114e-08, -1, -1, -4.37114e-08, 0, -9.17698, 6.32059, 22.2843 )

[node name="Pen005" parent="DYN_OBJ/Desks" instance=ExtResource( 8 )]
transform = Transform( -4.37114e-08, -7.10543e-15, 1, -0.89651, 0.443024, -3.91877e-08, -0.443024, -0.89651, -1.93652e-08, -6.66889, 5.79473, 22.145 )

[node name="Pen006" parent="DYN_OBJ/Desks" instance=ExtResource( 26 )]
transform = Transform( 0.531257, 0.691797, -0.489063, -0.79312, 0.609066, -2.48187e-08, 0.297872, 0.387885, 0.872249, -6.51044, 5.7135, 22.5158 )

[node name="Pencil001" parent="DYN_OBJ/Desks" instance=ExtResource( 9 )]
transform = Transform( -0.44498, -0.710764, -0.5448, -0.847595, 0.530644, -2.2761e-08, 0.289095, 0.46177, -0.838566, -6.97935, 5.76609, 22.6089 )

[node name="Pen007" parent="DYN_OBJ/Desks" instance=ExtResource( 8 )]
transform = Transform( 0.203646, 0.412101, -0.888088, -0.89651, 0.443024, -3.91877e-08, 0.393445, 0.79618, 0.459673, -6.70578, 5.79473, 22.6179 )

[node name="Pen008" parent="DYN_OBJ/Desks" instance=ExtResource( 26 )]
transform = Transform( -0.479505, -0.876919, 0.032985, -0.877303, 0.479909, 0.00513403, -0.0203319, -0.026476, -0.999443, -7.00176, 5.76023, 22.3496 )

[node name="Pencil002" parent="DYN_OBJ/Desks" instance=ExtResource( 9 )]
transform = Transform( 0.464761, 0.742361, 0.482595, -0.847595, 0.530644, -2.2761e-08, -0.256086, -0.409045, 0.875844, -6.44934, 5.76609, 22.2704 )

[node name="eraser13" parent="DYN_OBJ/Desks" instance=ExtResource( 27 )]
transform = Transform( -0.0744042, 0, -0.997228, 0, 1, 4.44089e-16, 0.997228, 0, -0.0744042, -6.71966, 5.26692, 22.4648 )

[node name="SchoolBook001" parent="DYN_OBJ/Desks" instance=ExtResource( 28 )]
transform = Transform( -4.37114e-08, 0, 1, 0, 1, -8.47033e-22, -1, 0, -4.37114e-08, -6.83235, 5.13486, 22.4457 )

[node name="Desk5" parent="DYN_OBJ/Desks" instance=ExtResource( 37 )]
transform = Transform( -4.37114e-08, 0, 1, 0, 1, 0, -1, 0, -4.37114e-08, -7.65546, 0.341359, 21.9697 )

[node name="Desk6" parent="DYN_OBJ/Desks" instance=ExtResource( 37 )]
transform = Transform( -4.37114e-08, 0, 1, 0, 1, 0, -1, 0, -4.37114e-08, 10.3445, 0.341359, 21.9697 )

[node name="Desk7" parent="DYN_OBJ/Desks" instance=ExtResource( 37 )]
transform = Transform( -4.37114e-08, 0, 1, 0, 1, 8.47033e-22, -1, 0, -4.37114e-08, 1.34454, 0.341359, 10.5352 )

[node name="Smartphone001" parent="DYN_OBJ/Desks/Desk7" instance=ExtResource( 10 )]
transform = Transform( 0.953859, 4.03382e-09, -0.300256, 4.03377e-09, 1, 2.62492e-08, 0.300256, -2.62492e-08, 0.953859, -1.27826, 4.9915, 1.63979 )

[node name="Smartphone006" parent="DYN_OBJ/Desks/Desk7" instance=ExtResource( 10 )]
transform = Transform( 1, 0, 0, 0, 1, 8.47033e-22, 0, 0, 1, -1.36495, 4.9915, -0.568006 )

[node name="Smartphone013" parent="DYN_OBJ/Desks/Desk7" instance=ExtResource( 10 )]
transform = Transform( -4.37114e-08, 8.74228e-08, 1, 8.74226e-08, 1, -8.74227e-08, -1, 8.74228e-08, -4.37114e-08, -0.454988, 5.75968, 0.438413 )

[node name="Smartphone017" parent="DYN_OBJ/Desks/Desk7" instance=ExtResource( 10 )]
transform = Transform( -4.37114e-08, 8.74228e-08, 1, 8.74226e-08, 1, -8.74227e-08, -1, 8.74228e-08, -4.37114e-08, 0.53531, 5.75968, 0.438413 )

[node name="Smartphone005" parent="DYN_OBJ/Desks/Desk7" instance=ExtResource( 10 )]
transform = Transform( 0.884955, 1.00576e-08, -0.465676, 1.00575e-08, 1, 4.07107e-08, 0.465676, -4.07107e-08, 0.884955, 1.75947, 4.9915, -1.0483 )

[node name="Smartphone002" parent="DYN_OBJ/Desks/Desk7" instance=ExtResource( 45 )]
transform = Transform( 0.976803, 2.02792e-09, 0.214139, 2.02793e-09, 1, -1.87206e-08, -0.214139, 1.87206e-08, 0.976803, -0.0629425, 4.9915, 1.63162 )

[node name="Smartphone007" parent="DYN_OBJ/Desks/Desk7" instance=ExtResource( 45 )]
transform = Transform( -1.62921e-07, 0.906308, 0.422618, -5.0822e-21, 0.422618, -0.906308, -1, -1.47656e-07, -6.88532e-08, -0.61252, 5.28454, 0.442424 )

[node name="Smartphone008" parent="DYN_OBJ/Desks/Desk7" instance=ExtResource( 45 )]
transform = Transform( -1.62921e-07, -0.906308, -0.422618, -4.87044e-21, 0.422618, -0.906308, 1, -1.47656e-07, -6.88532e-08, -1.08204, 5.28454, 0.442425 )

[node name="Smartphone009" parent="DYN_OBJ/Desks/Desk7" instance=ExtResource( 45 )]
transform = Transform( -1.62921e-07, 0.906308, 0.422618, -5.0822e-21, 0.422618, -0.906308, -1, -1.47656e-07, -6.88532e-08, 0.313613, 5.28454, 0.442424 )

[node name="Smartphone010" parent="DYN_OBJ/Desks/Desk7" instance=ExtResource( 45 )]
transform = Transform( -1.62921e-07, -0.906308, -0.422618, -4.87044e-21, 0.422618, -0.906308, 1, -1.47656e-07, -6.88532e-08, -0.155903, 5.28454, 0.442424 )

[node name="Smartphone018" parent="DYN_OBJ/Desks/Desk7" instance=ExtResource( 10 )]
transform = Transform( -4.37114e-08, 8.74228e-08, 1, 8.74225e-08, 1, -8.74227e-08, -1, 8.74228e-08, -4.37114e-08, -0.0107021, 6.6765, 0.438413 )

[node name="Smartphone019" parent="DYN_OBJ/Desks/Desk7" instance=ExtResource( 45 )]
transform = Transform( -1.62921e-07, 0.906308, 0.422618, -5.0822e-21, 0.422618, -0.906308, -1, -1.47656e-07, -6.88532e-08, -0.168224, 6.20135, 0.442425 )

[node name="Smartphone020" parent="DYN_OBJ/Desks/Desk7" instance=ExtResource( 45 )]
transform = Transform( -1.62921e-07, -0.906308, -0.422618, -4.87044e-21, 0.422618, -0.906308, 1, -1.47656e-07, -6.88532e-08, -0.637747, 6.20135, 0.442425 )

[node name="Smartphone021" parent="DYN_OBJ/Desks/Desk7" instance=ExtResource( 45 )]
transform = Transform( -1.62921e-07, 0.906308, 0.422618, -5.0822e-21, 0.422618, -0.906308, -1, -1.47656e-07, -6.88532e-08, 0.757908, 6.20135, 0.442424 )

[node name="Smartphone022" parent="DYN_OBJ/Desks/Desk7" instance=ExtResource( 45 )]
transform = Transform( -1.62921e-07, -0.906308, -0.422618, -4.87044e-21, 0.422618, -0.906308, 1, -1.47657e-07, -6.88532e-08, 0.288387, 6.20135, 0.442425 )

[node name="Smartphone023" parent="DYN_OBJ/Desks/Desk7" instance=ExtResource( 45 )]
transform = Transform( -1.62921e-07, 0.906308, 0.422618, -5.0822e-21, 0.422618, -0.906308, -1, -1.47656e-07, -6.88532e-08, 0.261167, 7.14857, 0.442424 )

[node name="Smartphone024" parent="DYN_OBJ/Desks/Desk7" instance=ExtResource( 45 )]
transform = Transform( -1.62921e-07, -0.906308, -0.422618, -4.87044e-21, 0.422618, -0.906308, 1, -1.47657e-07, -6.88532e-08, -0.208347, 7.14857, 0.442425 )

[node name="Smartphone011" parent="DYN_OBJ/Desks/Desk7" instance=ExtResource( 45 )]
transform = Transform( -1.62921e-07, 0.906308, 0.422618, -5.0822e-21, 0.422618, -0.906308, -1, -1.47656e-07, -6.88532e-08, 1.25544, 5.28454, 0.442424 )

[node name="Smartphone012" parent="DYN_OBJ/Desks/Desk7" instance=ExtResource( 45 )]
transform = Transform( -1.62921e-07, -0.906308, -0.422618, -1.48231e-21, 0.422618, -0.906308, 1, -1.47656e-07, -6.88532e-08, 0.785929, 5.28454, 0.442425 )

[node name="Smartphone004" parent="DYN_OBJ/Desks/Desk7" instance=ExtResource( 45 )]
transform = Transform( 0.764652, 2.05748e-08, -0.644444, 2.05748e-08, 1, 5.63391e-08, 0.644444, -5.63391e-08, 0.764652, 1.32518, 4.9915, 1.4148 )

[node name="Smartphone003" parent="DYN_OBJ/Desks/Desk7" instance=ExtResource( 45 )]
transform = Transform( 0.733789, 2.32729e-08, 0.679377, 2.32729e-08, 1, -5.93931e-08, -0.679377, 5.9393e-08, 0.733789, -0.0612879, 4.9915, -1.32204 )

[node name="Smartphone014" parent="DYN_OBJ/Desks" instance=ExtResource( 10 )]
transform = Transform( -1, 8.74228e-08, -8.74228e-08, 8.74225e-08, 1, -8.74227e-08, 8.74228e-08, -8.74228e-08, -1, 5.87234, 1.08788, 5.21477 )

[node name="Smartphone025" parent="DYN_OBJ/Desks" instance=ExtResource( 10 )]
transform = Transform( -1, 8.74228e-08, -8.74228e-08, 8.74225e-08, 1, -8.74227e-08, 8.74228e-08, -8.74228e-08, -1, 5.87234, 1.08788, 4.22447 )

[node name="Smartphone015" parent="DYN_OBJ/Desks" instance=ExtResource( 45 )]
transform = Transform( -1, -1.87272e-07, -8.73264e-08, -8.47033e-21, 0.422618, -0.906308, 2.06632e-07, -0.906308, -0.422618, 5.87635, 0.612743, 5.3723 )

[node name="Smartphone016" parent="DYN_OBJ/Desks" instance=ExtResource( 45 )]
transform = Transform( 1, -1.0804e-07, -5.038e-08, -2.0117e-20, 0.422618, -0.906308, 1.1921e-07, 0.906308, 0.422618, 5.87635, 0.612743, 5.84182 )

[node name="Smartphone026" parent="DYN_OBJ/Desks" instance=ExtResource( 45 )]
transform = Transform( -1, -1.87272e-07, -8.73264e-08, -8.47033e-21, 0.422618, -0.906308, 2.06632e-07, -0.906308, -0.422618, 5.87635, 0.612743, 4.44617 )

[node name="Smartphone027" parent="DYN_OBJ/Desks" instance=ExtResource( 45 )]
transform = Transform( 1, -1.0804e-07, -5.038e-08, -2.0117e-20, 0.422618, -0.906308, 1.1921e-07, 0.906308, 0.422618, 5.87635, 0.612743, 4.91569 )

[node name="Smartphone028" parent="DYN_OBJ/Desks" instance=ExtResource( 10 )]
transform = Transform( -1, 8.74228e-08, -8.74228e-08, 8.74224e-08, 1, -8.74227e-08, 8.74228e-08, -8.74228e-08, -1, 5.87234, 2.0047, 4.77048 )

[node name="Smartphone029" parent="DYN_OBJ/Desks" instance=ExtResource( 45 )]
transform = Transform( -1, -1.87272e-07, -8.73264e-08, -8.47033e-21, 0.422618, -0.906308, 2.06632e-07, -0.906308, -0.422618, 5.87635, 1.52955, 4.928 )

[node name="Smartphone030" parent="DYN_OBJ/Desks" instance=ExtResource( 45 )]
transform = Transform( 1, -1.0804e-07, -5.038e-08, -2.0117e-20, 0.422618, -0.906308, 1.1921e-07, 0.906308, 0.422618, 5.87635, 1.52955, 5.39753 )

[node name="Smartphone031" parent="DYN_OBJ/Desks" instance=ExtResource( 45 )]
transform = Transform( -1, -1.87272e-07, -8.73264e-08, -8.47033e-21, 0.422618, -0.906308, 2.06632e-07, -0.906308, -0.422618, 5.87635, 1.52955, 4.00187 )

[node name="Smartphone032" parent="DYN_OBJ/Desks" instance=ExtResource( 45 )]
transform = Transform( 1, -1.08041e-07, -5.038e-08, -2.0117e-20, 0.422618, -0.906308, 1.1921e-07, 0.906308, 0.422618, 5.87635, 1.52955, 4.47139 )

[node name="Smartphone033" parent="DYN_OBJ/Desks" instance=ExtResource( 45 )]
transform = Transform( -1, -1.87272e-07, -8.73264e-08, -8.47033e-21, 0.422618, -0.906308, 2.06632e-07, -0.906308, -0.422618, 5.87635, 2.47677, 4.49861 )

[node name="Smartphone034" parent="DYN_OBJ/Desks" instance=ExtResource( 45 )]
transform = Transform( 1, -1.08041e-07, -5.038e-08, -2.0117e-20, 0.422618, -0.906308, 1.1921e-07, 0.906308, 0.422618, 5.87635, 2.47677, 4.96813 )

[node name="Smartphone035" parent="DYN_OBJ/Desks" instance=ExtResource( 45 )]
transform = Transform( -1, -1.87272e-07, -8.73264e-08, -8.47033e-21, 0.422618, -0.906308, 2.06632e-07, -0.906308, -0.422618, 5.87635, 0.612742, 3.50434 )

[node name="Smartphone036" parent="DYN_OBJ/Desks" instance=ExtResource( 45 )]
transform = Transform( 1, -1.0804e-07, -5.038e-08, -1.67289e-20, 0.422618, -0.906308, 1.1921e-07, 0.906308, 0.422618, 5.87635, 0.612743, 3.97385 )

[node name="Smartphone037" parent="DYN_OBJ/Desks" instance=ExtResource( 10 )]
transform = Transform( -1, 8.74228e-08, -8.74228e-08, 8.74225e-08, 1, -8.74227e-08, 8.74228e-08, -8.74228e-08, -1, 6.97983, 1.08788, 5.21477 )

[node name="Smartphone038" parent="DYN_OBJ/Desks" instance=ExtResource( 10 )]
transform = Transform( -1, 8.74228e-08, -8.74228e-08, 8.74225e-08, 1, -8.74227e-08, 8.74228e-08, -8.74228e-08, -1, 6.97983, 1.08788, 4.22447 )

[node name="Smartphone039" parent="DYN_OBJ/Desks" instance=ExtResource( 45 )]
transform = Transform( -1, -1.87272e-07, -8.73264e-08, -8.47033e-21, 0.422618, -0.906308, 2.06632e-07, -0.906308, -0.422618, 6.98385, 0.612743, 5.3723 )

[node name="Smartphone040" parent="DYN_OBJ/Desks" instance=ExtResource( 45 )]
transform = Transform( 1, -1.0804e-07, -5.038e-08, -2.35052e-20, 0.422618, -0.906308, 1.1921e-07, 0.906308, 0.422618, 6.98384, 0.612743, 5.84182 )

[node name="Smartphone041" parent="DYN_OBJ/Desks" instance=ExtResource( 45 )]
transform = Transform( -1, -1.87272e-07, -8.73264e-08, -8.47033e-21, 0.422618, -0.906308, 2.06632e-07, -0.906308, -0.422618, 6.98384, 0.612743, 4.44617 )

[node name="Smartphone042" parent="DYN_OBJ/Desks" instance=ExtResource( 45 )]
transform = Transform( 1, -1.0804e-07, -5.038e-08, -2.35052e-20, 0.422618, -0.906308, 1.1921e-07, 0.906308, 0.422618, 6.98384, 0.612743, 4.91569 )

[node name="Smartphone043" parent="DYN_OBJ/Desks" instance=ExtResource( 10 )]
transform = Transform( -1, 8.74228e-08, -8.74228e-08, 8.74224e-08, 1, -8.74227e-08, 8.74228e-08, -8.74228e-08, -1, 6.97983, 2.0047, 4.77048 )

[node name="Smartphone044" parent="DYN_OBJ/Desks" instance=ExtResource( 45 )]
transform = Transform( -1, -1.87272e-07, -8.73264e-08, -8.47033e-21, 0.422618, -0.906308, 2.06632e-07, -0.906308, -0.422618, 6.98384, 1.52955, 4.928 )

[node name="Smartphone045" parent="DYN_OBJ/Desks" instance=ExtResource( 45 )]
transform = Transform( 1, -1.0804e-07, -5.038e-08, -2.35052e-20, 0.422618, -0.906308, 1.1921e-07, 0.906308, 0.422618, 6.98385, 1.52955, 5.39753 )

[node name="Smartphone046" parent="DYN_OBJ/Desks" instance=ExtResource( 45 )]
transform = Transform( -1, -1.87272e-07, -8.73264e-08, -8.47033e-21, 0.422618, -0.906308, 2.06632e-07, -0.906308, -0.422618, 6.98384, 1.52955, 4.00187 )

[node name="Smartphone047" parent="DYN_OBJ/Desks" instance=ExtResource( 45 )]
transform = Transform( 1, -1.08041e-07, -5.038e-08, -2.35052e-20, 0.422618, -0.906308, 1.1921e-07, 0.906308, 0.422618, 6.98385, 1.52955, 4.47139 )

[node name="Smartphone048" parent="DYN_OBJ/Desks" instance=ExtResource( 45 )]
transform = Transform( -1, -1.87272e-07, -8.73264e-08, -8.47033e-21, 0.422618, -0.906308, 2.06632e-07, -0.906308, -0.422618, 6.98385, 2.47677, 4.49861 )

[node name="Smartphone049" parent="DYN_OBJ/Desks" instance=ExtResource( 45 )]
transform = Transform( 1, -1.08041e-07, -5.038e-08, -2.35052e-20, 0.422618, -0.906308, 1.1921e-07, 0.906308, 0.422618, 6.98384, 2.47677, 4.96813 )

[node name="Smartphone050" parent="DYN_OBJ/Desks" instance=ExtResource( 45 )]
transform = Transform( -1, -1.87272e-07, -8.73264e-08, -8.47033e-21, 0.422618, -0.906308, 2.06632e-07, -0.906308, -0.422618, 6.98384, 0.612742, 3.50434 )

[node name="Smartphone051" parent="DYN_OBJ/Desks" instance=ExtResource( 45 )]
transform = Transform( 1, -1.0804e-07, -5.038e-08, -2.0117e-20, 0.422618, -0.906308, 1.1921e-07, 0.906308, 0.422618, 6.98384, 0.612743, 3.97385 )

[node name="Smartphone052" parent="DYN_OBJ/Desks" instance=ExtResource( 10 )]
transform = Transform( -1, 8.74228e-08, -8.74228e-08, 8.74225e-08, 1, -8.74227e-08, 8.74228e-08, -8.74228e-08, -1, 8.2504, 1.08788, 5.21477 )

[node name="Smartphone053" parent="DYN_OBJ/Desks" instance=ExtResource( 10 )]
transform = Transform( -1, 8.74228e-08, -8.74228e-08, 8.74225e-08, 1, -8.74227e-08, 8.74228e-08, -8.74228e-08, -1, 8.2504, 1.08788, 4.22447 )

[node name="Smartphone054" parent="DYN_OBJ/Desks" instance=ExtResource( 45 )]
transform = Transform( -1, -1.87272e-07, -8.73264e-08, -8.47033e-21, 0.422618, -0.906308, 2.06632e-07, -0.906308, -0.422618, 8.25442, 0.612743, 5.3723 )

[node name="Smartphone055" parent="DYN_OBJ/Desks" instance=ExtResource( 45 )]
transform = Transform( 1, -1.0804e-07, -5.038e-08, -2.68933e-20, 0.422618, -0.906308, 1.1921e-07, 0.906308, 0.422618, 8.25442, 0.612743, 5.84182 )

[node name="Smartphone056" parent="DYN_OBJ/Desks" instance=ExtResource( 45 )]
transform = Transform( -1, -1.87272e-07, -8.73264e-08, -8.47033e-21, 0.422618, -0.906308, 2.06632e-07, -0.906308, -0.422618, 8.25441, 0.612743, 4.44617 )

[node name="Smartphone057" parent="DYN_OBJ/Desks" instance=ExtResource( 45 )]
transform = Transform( 1, -1.0804e-07, -5.038e-08, -2.68933e-20, 0.422618, -0.906308, 1.1921e-07, 0.906308, 0.422618, 8.25441, 0.612743, 4.91569 )

[node name="Smartphone058" parent="DYN_OBJ/Desks" instance=ExtResource( 10 )]
transform = Transform( -1, 8.74228e-08, -8.74228e-08, 8.74224e-08, 1, -8.74227e-08, 8.74228e-08, -8.74228e-08, -1, 8.25041, 2.0047, 4.77048 )

[node name="Smartphone059" parent="DYN_OBJ/Desks" instance=ExtResource( 45 )]
transform = Transform( -1, -1.87272e-07, -8.73264e-08, -8.47033e-21, 0.422618, -0.906308, 2.06632e-07, -0.906308, -0.422618, 8.25442, 1.52955, 4.928 )

[node name="Smartphone060" parent="DYN_OBJ/Desks" instance=ExtResource( 45 )]
transform = Transform( 1, -1.0804e-07, -5.038e-08, -2.68933e-20, 0.422618, -0.906308, 1.1921e-07, 0.906308, 0.422618, 8.25442, 1.52955, 5.39753 )

[node name="Smartphone061" parent="DYN_OBJ/Desks" instance=ExtResource( 45 )]
transform = Transform( -1, -1.87272e-07, -8.73264e-08, -8.47033e-21, 0.422618, -0.906308, 2.06632e-07, -0.906308, -0.422618, 8.25441, 1.52955, 4.00187 )

[node name="Smartphone062" parent="DYN_OBJ/Desks" instance=ExtResource( 45 )]
transform = Transform( 1, -1.08041e-07, -5.038e-08, -2.68933e-20, 0.422618, -0.906308, 1.1921e-07, 0.906308, 0.422618, 8.25442, 1.52955, 4.47139 )

[node name="Smartphone063" parent="DYN_OBJ/Desks" instance=ExtResource( 45 )]
transform = Transform( -1, -1.87272e-07, -8.73264e-08, -8.47033e-21, 0.422618, -0.906308, 2.06632e-07, -0.906308, -0.422618, 8.25442, 2.47677, 4.49861 )

[node name="Smartphone064" parent="DYN_OBJ/Desks" instance=ExtResource( 45 )]
transform = Transform( 1, -1.08041e-07, -5.038e-08, -2.68933e-20, 0.422618, -0.906308, 1.1921e-07, 0.906308, 0.422618, 8.25442, 2.47677, 4.96813 )

[node name="Smartphone065" parent="DYN_OBJ/Desks" instance=ExtResource( 45 )]
transform = Transform( -1, -1.87272e-07, -8.73264e-08, -8.47033e-21, 0.422618, -0.906308, 2.06632e-07, -0.906308, -0.422618, 8.25442, 0.612742, 3.50434 )

[node name="Smartphone066" parent="DYN_OBJ/Desks" instance=ExtResource( 45 )]
transform = Transform( 1, -1.0804e-07, -5.038e-08, -2.35052e-20, 0.422618, -0.906308, 1.1921e-07, 0.906308, 0.422618, 8.25441, 0.612743, 3.97385 )

[node name="Smartphone067" parent="DYN_OBJ/Desks" instance=ExtResource( 10 )]
transform = Transform( -1, 8.74228e-08, -8.74228e-08, 8.74225e-08, 1, -8.74227e-08, 8.74228e-08, -8.74228e-08, -1, 9.60487, 1.08788, 5.21477 )

[node name="Smartphone068" parent="DYN_OBJ/Desks" instance=ExtResource( 10 )]
transform = Transform( -1, 8.74228e-08, -8.74228e-08, 8.74225e-08, 1, -8.74227e-08, 8.74228e-08, -8.74228e-08, -1, 9.60487, 1.08788, 4.22447 )

[node name="Smartphone069" parent="DYN_OBJ/Desks" instance=ExtResource( 45 )]
transform = Transform( -1, -1.87272e-07, -8.73264e-08, -8.47033e-21, 0.422618, -0.906308, 2.06632e-07, -0.906308, -0.422618, 9.60889, 0.612743, 5.3723 )

[node name="Smartphone070" parent="DYN_OBJ/Desks" instance=ExtResource( 45 )]
transform = Transform( 1, -1.0804e-07, -5.038e-08, -3.02814e-20, 0.422618, -0.906308, 1.1921e-07, 0.906308, 0.422618, 9.60889, 0.612743, 5.84183 )

[node name="Smartphone071" parent="DYN_OBJ/Desks" instance=ExtResource( 45 )]
transform = Transform( -1, -1.87272e-07, -8.73264e-08, -8.47033e-21, 0.422618, -0.906308, 2.06632e-07, -0.906308, -0.422618, 9.60888, 0.612743, 4.44617 )

[node name="Smartphone072" parent="DYN_OBJ/Desks" instance=ExtResource( 45 )]
transform = Transform( 1, -1.0804e-07, -5.038e-08, -3.02814e-20, 0.422618, -0.906308, 1.1921e-07, 0.906308, 0.422618, 9.60888, 0.612743, 4.91569 )

[node name="Smartphone073" parent="DYN_OBJ/Desks" instance=ExtResource( 10 )]
transform = Transform( -1, 8.74228e-08, -8.74228e-08, 8.74224e-08, 1, -8.74227e-08, 8.74228e-08, -8.74228e-08, -1, 9.60488, 2.0047, 4.77048 )

[node name="Smartphone074" parent="DYN_OBJ/Desks" instance=ExtResource( 45 )]
transform = Transform( -1, -1.87272e-07, -8.73264e-08, -8.47033e-21, 0.422618, -0.906308, 2.06632e-07, -0.906308, -0.422618, 9.60889, 1.52955, 4.928 )

[node name="Smartphone075" parent="DYN_OBJ/Desks" instance=ExtResource( 45 )]
transform = Transform( 1, -1.0804e-07, -5.038e-08, -3.02814e-20, 0.422618, -0.906308, 1.1921e-07, 0.906308, 0.422618, 9.60889, 1.52955, 5.39753 )

[node name="Smartphone076" parent="DYN_OBJ/Desks" instance=ExtResource( 45 )]
transform = Transform( -1, -1.87272e-07, -8.73264e-08, -8.47033e-21, 0.422618, -0.906308, 2.06632e-07, -0.906308, -0.422618, 9.60888, 1.52955, 4.00187 )

[node name="Smartphone077" parent="DYN_OBJ/Desks" instance=ExtResource( 45 )]
transform = Transform( 1, -1.08041e-07, -5.038e-08, -3.02814e-20, 0.422618, -0.906308, 1.1921e-07, 0.906308, 0.422618, 9.60889, 1.52955, 4.47139 )

[node name="Smartphone078" parent="DYN_OBJ/Desks" instance=ExtResource( 45 )]
